56	44	0
71	29	0
79	21	0
30	70	0
93	7	0
100	0	0
46	54	0
2	98	0
0	62	38
0	17	83
0	69	31
0	84	16
11	89	0
86	14	0
5	95	0
59	41	0
98	2	0
0	100	0
42	58	0
0	100	0
100	0	0
86	14	0
6	87	7
27	73	0
68	32	0
1	99	0
51	49	0
2	72	26
2	48	50
100	0	0
100	0	0
76	24	0
99	1	0
91	9	0
0	8	92
100	0	0
10	90	0
29	71	0
0	88	12
16	84	0
0	95	5
20	80	0
0	42	58
0	92	8
4	96	0
0	10	90
22	78	0
0	0	100
4	82	14
85	15	0
0	82	18
9	91	0
0	10	90
0	66	34
0	100	0
0	49	51
0	44	56
23	77	0
2	98	0
0	100	0
0	0	100
0	0	100
0	23	77
0	100	0
2	88	10
0	100	0
7	64	29
81	19	0
0	98	2
2	35	63
