49	38	13
64	29	7
71	24	5
30	54	16
81	10	9
100	0	0
45	42	13
9	77	14
0	11	89
0	13	87
0	9	91
0	41	59
6	57	37
69	31	0
12	60	28
52	40	8
89	10	1
3	79	18
20	79	1
1	86	13
96	4	0
88	8	4
5	70	25
16	71	13
70	25	5
10	71	19
67	23	10
5	68	27
2	42	56
100	0	0
100	0	0
78	14	8
91	9	0
91	5	4
0	10	90
98	1	1
11	50	39
29	56	15
2	68	30
26	53	21
0	70	30
36	50	14
0	65	35
2	71	27
3	73	24
0	7	93
35	43	22
0	0	100
9	60	31
87	10	3
2	57	41
12	68	20
0	20	80
0	38	62
0	81	19
0	12	88
0	20	80
35	52	13
2	74	24
1	75	24
0	0	100
0	0	100
0	0	100
2	53	45
0	50	50
2	77	21
0	52	48
80	20	0
0	71	29
2	61	37
