46	49	5
77	21	2
76	21	3
32	60	8
92	7	1
100	0	0
52	40	8
6	88	6
0	9	91
0	7	93
0	11	89
0	38	62
4	75	21
71	29	0
15	64	21
58	38	4
98	2	0
1	91	8
9	91	0
2	92	6
100	0	0
92	6	2
5	83	12
20	71	9
73	24	3
5	86	9
70	24	6
1	82	17
0	68	32
100	0	0
100	0	0
85	13	2
93	7	0
96	2	2
0	7	93
100	0	0
7	70	23
38	54	8
1	76	23
19	71	10
0	73	27
35	58	7
0	64	36
0	77	23
4	80	16
0	3	97
38	51	11
0	0	100
7	70	23
84	15	1
2	72	26
12	80	8
0	18	82
0	37	63
0	91	9
0	6	94
0	21	79
21	72	7
0	88	12
1	86	13
0	0	100
0	0	100
0	0	100
2	72	26
0	67	33
0	89	11
0	29	71
67	33	0
0	75	25
0	64	36
