46	54	0
77	23	0
76	24	0
32	68	0
93	7	0
100	0	0
52	48	0
6	94	0
0	29	71
0	7	93
0	25	75
0	52	48
4	93	3
71	29	0
15	84	1
58	42	0
98	2	0
1	99	0
9	91	0
2	98	0
100	0	0
92	8	0
5	92	3
20	80	0
73	27	0
5	95	0
70	30	0
1	89	10
0	86	14
100	0	0
100	0	0
85	15	0
93	7	0
97	3	0
0	7	93
100	0	0
7	90	3
38	62	0
1	92	7
19	80	1
0	81	19
35	65	0
0	65	35
0	90	10
4	93	3
0	4	96
38	62	0
0	0	100
7	88	5
84	16	0
2	91	7
12	88	0
0	18	82
0	50	50
0	99	1
0	13	87
0	26	74
21	79	0
0	100	0
1	95	4
0	0	100
0	0	100
0	2	98
2	94	4
0	88	12
0	99	1
0	34	66
67	33	0
0	84	16
0	64	36
