28	14	58
52	15	33
55	9	36
29	17	54
61	3	36
100	0	0
31	22	47
6	22	72
0	0	100
0	6	94
0	0	100
0	13	87
8	23	69
68	11	21
10	20	70
33	11	56
83	2	15
4	26	70
10	32	58
4	25	71
99	1	0
65	4	31
9	23	68
19	26	55
55	7	38
4	28	68
51	3	46
5	24	71
2	27	71
97	0	3
100	0	0
59	5	36
83	3	14
75	1	24
2	8	90
86	1	13
11	21	68
20	25	55
2	27	71
17	14	69
2	22	76
21	13	66
0	28	72
3	24	73
6	26	68
0	4	96
21	12	67
0	0	100
8	21	71
69	4	27
4	25	71
9	22	69
2	8	90
2	14	84
2	27	71
2	3	95
2	10	88
18	19	63
2	28	70
2	23	75
0	0	100
0	0	100
0	0	100
5	24	71
3	26	71
3	27	70
0	13	87
60	18	22
1	22	77
3	26	71
