85	15	0	3
94	6	0	1
55	45	0	3
62	38	0	1
99	1	0	1
100	0	0	1
79	21	0	3
40	60	0	1
1	45	54	1
5	68	27	1
0	72	28	1
38	44	18	1
54	46	0	1
86	14	0	2
65	35	0	1
96	4	0	1
99	1	0	1
20	80	0	1
53	47	0	2
24	76	0	1
99	1	0	1
100	0	0	1
24	76	0	1
83	17	0	2
93	7	0	1
46	54	0	2
86	14	0	1
22	78	0	1
16	81	3	1
100	0	0	1
100	0	0	1
79	21	0	3
100	0	0	1
100	0	0	1
7	69	24	1
100	0	0	1
83	17	0	2
81	19	0	2
17	80	3	1
56	44	0	2
28	70	2	2
76	24	0	2
4	40	56	1
23	75	2	1
14	86	0	1
2	70	28	1
38	62	0	1
0	30	70	1
29	68	3	1
96	4	0	1
13	87	0	2
47	53	0	1
5	20	75	1
1	62	37	1
40	60	0	2
15	62	23	1
4	84	12	1
26	73	1	1
24	73	3	1
6	92	2	1
0	21	79	4
1	33	66	1
0	10	90	4
24	75	1	1
39	60	1	1
15	84	1	1
26	74	0	1
92	8	0	2
10	88	2	1
14	84	2	1
