60	1	39	1
79	5	16	1
23	5	72	1
29	9	62	1
85	0	15	1
100	0	0	1
24	7	69	1
4	24	72	1
0	0	100	4
0	6	94	1
0	0	100	1
0	0	100	1
24	9	67	1
56	15	29	1
13	14	73	1
65	7	28	1
95	0	5	1
4	12	84	1
7	39	54	1
11	18	71	1
98	1	1	1
91	1	8	1
4	13	83	1
45	19	36	1
72	2	26	1
28	25	47	1
73	8	19	1
22	45	33	1
23	24	53	1
99	0	1	1
100	0	0	1
20	8	72	1
84	3	13	1
92	0	8	1
7	23	70	1
90	0	10	1
48	6	46	1
36	19	45	1
5	14	81	1
43	24	33	1
0	15	85	1
48	12	40	1
0	1	99	1
1	35	64	1
5	10	85	1
0	1	99	1
21	7	72	1
0	0	100	1
26	18	56	1
81	1	18	1
2	17	81	1
45	11	44	1
0	1	99	1
0	0	100	1
1	19	80	1
0	5	95	1
1	2	97	1
11	4	85	1
2	16	82	1
0	12	88	1
0	0	100	4
0	0	100	4
0	0	100	4
8	7	85	1
0	9	91	1
2	12	86	1
0	26	74	1
57	11	32	1
1	19	80	1
22	40	38	1
