83	17	0	1
95	5	0	1
43	57	0	1
52	48	0	2
100	0	0	1
100	0	0	1
59	41	0	1
20	80	0	2
0	10	90	4
2	48	50	1
0	39	61	1
13	56	31	1
49	51	0	1
84	16	0	1
50	50	0	3
88	12	0	1
100	0	0	1
10	88	2	2
33	67	0	2
20	80	0	3
99	1	0	1
99	1	0	1
32	68	0	3
70	30	0	2
92	8	0	1
40	60	0	1
84	16	0	1
22	78	0	1
23	77	0	2
100	0	0	1
100	0	0	1
74	26	0	1
97	3	0	1
100	0	0	1
7	49	44	1
100	0	0	1
73	27	0	1
52	48	0	3
21	79	0	2
48	52	0	3
0	88	12	1
61	39	0	1
0	14	86	1
12	82	6	2
23	69	8	3
0	44	56	1
48	52	0	1
0	3	97	1
33	67	0	1
99	1	0	1
9	91	0	2
55	45	0	1
6	23	71	1
0	31	69	1
13	87	0	2
0	41	59	1
5	33	62	1
31	69	0	1
19	80	1	2
1	99	0	2
0	2	98	4
0	11	89	4
0	0	100	4
39	61	0	1
13	86	1	1
7	90	3	2
2	93	5	1
82	18	0	1
12	86	2	1
22	78	0	1
