43	23	34
56	44	0
26	74	0
22	77	1
89	11	0
100	0	0
19	79	2
4	87	9
0	0	100
0	0	100
0	0	100
0	15	85
11	33	56
35	65	0
9	35	56
60	35	5
87	12	1
4	81	15
4	94	2
2	96	2
89	11	0
86	14	0
5	90	5
30	68	2
71	28	1
11	83	6
73	27	0
13	52	35
5	9	86
100	0	0
100	0	0
33	56	11
83	17	0
99	1	0
4	2	94
95	5	0
16	10	74
25	74	1
7	24	69
19	75	6
0	24	76
41	59	0
0	5	95
2	23	75
2	82	16
0	0	100
26	20	54
0	0	100
19	10	71
89	11	0
0	88	12
21	4	75
3	3	94
1	1	98
4	41	55
2	9	89
1	2	97
16	47	37
6	75	19
0	33	67
0	0	100
0	0	100
0	0	100
9	15	76
2	10	88
3	69	28
0	70	30
33	67	0
3	23	74
6	21	73
