48	45	7
56	44	0
26	74	0
22	77	1
89	11	0
100	0	0
19	79	2
4	90	6
0	0	100
0	0	100
0	0	100
0	15	85
11	75	14
35	65	0
12	59	29
60	36	4
87	12	1
4	81	15
4	94	2
2	97	1
89	11	0
86	14	0
5	90	5
30	68	2
71	28	1
11	84	5
73	27	0
13	62	25
5	38	57
100	0	0
100	0	0
34	59	7
83	17	0
99	1	0
4	6	90
95	5	0
36	27	37
25	74	1
7	63	30
19	75	6
0	34	66
41	59	0
0	5	95
2	70	28
2	86	12
0	0	100
28	57	15
0	0	100
19	41	40
89	11	0
0	89	11
21	47	32
3	5	92
1	1	98
4	68	28
2	13	85
1	8	91
16	60	24
6	75	19
0	72	28
0	0	100
0	0	100
0	0	100
10	53	37
2	34	64
3	69	28
0	70	30
33	67	0
3	52	45
10	42	48
