49	51	0
56	44	0
26	74	0
22	78	0
89	11	0
100	0	0
19	81	0
4	95	1
0	0	100
0	4	96
0	1	99
0	15	85
11	89	0
35	65	0
12	88	0
60	40	0
88	12	0
4	81	15
4	94	2
2	98	0
89	11	0
86	14	0
5	91	4
32	68	0
71	29	0
11	88	1
73	27	0
13	85	2
5	82	13
100	0	0
100	0	0
34	66	0
83	17	0
99	1	0
4	7	89
95	5	0
40	60	0
25	75	0
7	85	8
19	76	5
0	54	46
41	59	0
0	5	95
2	97	1
2	90	8
0	0	100
28	72	0
0	0	100
19	74	7
89	11	0
0	95	5
21	79	0
3	13	84
1	3	96
4	87	9
2	16	82
1	8	91
16	81	3
6	76	18
0	83	17
0	0	100
0	0	100
0	0	100
10	90	0
2	71	27
3	69	28
0	71	29
33	67	0
3	79	18
10	83	7
