54	38	8
73	24	3
67	31	2
33	55	12
95	5	0
100	0	0
49	45	6
8	83	9
0	35	65
0	6	94
0	34	66
0	53	47
8	76	16
78	22	0
16	73	11
59	34	7
95	4	1
2	86	12
30	70	0
3	87	10
97	3	0
87	11	2
11	75	14
27	70	3
74	24	2
7	80	13
60	33	7
6	69	25
1	67	32
100	0	0
100	0	0
73	20	7
91	9	0
95	3	2
0	10	90
99	0	1
17	64	19
26	64	10
2	78	20
25	61	14
0	76	24
30	60	10
1	56	43
1	78	21
7	82	11
0	10	90
30	54	16
0	0	100
10	71	19
79	21	0
1	80	19
15	72	13
1	16	83
2	46	52
1	86	13
1	25	74
0	27	73
33	62	5
3	82	15
1	82	17
0	1	99
0	0	100
0	5	95
3	78	19
3	66	31
2	83	15
4	31	65
77	23	0
1	75	24
1	39	60
