54	45	1
74	26	0
68	32	0
33	65	2
95	5	0
100	0	0
49	49	2
8	91	1
0	46	54
0	14	86
0	45	55
0	66	34
9	84	7
78	22	0
16	82	2
59	39	2
96	4	0
2	96	2
30	70	0
3	96	1
97	3	0
88	12	0
11	85	4
27	72	1
75	25	0
7	91	2
61	39	0
6	79	15
1	70	29
100	0	0
100	0	0
73	26	1
91	9	0
96	4	0
0	10	90
100	0	0
17	80	3
26	72	2
2	87	11
25	70	5
0	86	14
30	69	1
1	62	37
1	88	11
7	91	2
0	13	87
30	68	2
0	0	100
10	79	11
79	21	0
1	89	10
15	83	2
1	16	83
2	55	43
1	97	2
1	35	64
0	39	61
33	67	0
3	95	2
1	91	8
0	1	99
0	0	100
0	10	90
3	89	8
3	76	21
2	95	3
6	32	62
77	23	0
1	87	12
1	39	60
