55	40	5
82	16	2
81	19	0
43	48	9
97	3	0
100	0	0
56	39	5
4	91	5
0	45	55
0	7	93
0	45	55
0	75	25
9	74	17
77	23	0
4	82	14
55	40	5
98	1	1
2	90	8
32	67	1
0	91	9
99	1	0
93	6	1
4	82	14
37	61	2
81	17	2
10	79	11
66	31	3
1	76	23
0	64	36
100	0	0
100	0	0
85	12	3
96	4	0
94	5	1
0	7	93
98	1	1
14	58	28
30	64	6
0	73	27
29	63	8
0	88	12
22	71	7
0	59	41
0	86	14
2	88	10
0	15	85
19	63	18
0	0	100
1	74	25
93	7	0
0	66	34
9	81	10
0	24	76
0	38	62
0	88	12
0	32	68
0	41	59
30	67	3
0	85	15
0	91	9
0	0	100
0	0	100
0	2	98
0	70	30
0	61	39
0	88	12
6	54	40
84	16	0
0	80	20
0	50	50
