55	45	0
82	18	0
81	19	0
43	57	0
97	3	0
100	0	0
56	44	0
4	96	0
0	61	39
0	18	82
0	64	36
0	95	5
10	90	0
77	23	0
4	96	0
55	45	0
98	2	0
2	98	0
33	67	0
0	100	0
99	1	0
93	7	0
4	93	3
37	63	0
81	19	0
10	90	0
67	33	0
1	88	11
0	68	32
100	0	0
100	0	0
86	14	0
96	4	0
94	6	0
0	7	93
98	2	0
15	85	0
30	70	0
0	98	2
29	71	0
0	98	2
22	78	0
0	65	35
0	96	4
2	98	0
0	23	77
19	81	0
0	0	100
1	87	12
93	7	0
0	88	12
9	91	0
0	24	76
0	59	41
0	100	0
0	39	61
0	50	50
30	70	0
0	100	0
0	98	2
0	1	99
0	0	100
0	21	79
0	100	0
0	96	4
0	100	0
6	55	39
84	16	0
0	96	4
0	50	50
