51	0	49	1
81	7	12	1
12	5	83	1
19	6	75	1
91	1	8	1
100	0	0	1
15	8	77	1
4	13	83	1
0	0	100	1
0	9	91	1
0	0	100	1
0	0	100	1
10	9	81	1
56	19	25	1
8	11	81	1
55	7	38	1
97	0	3	1
0	8	92	1
1	45	54	1
4	15	81	1
99	0	1	1
94	1	5	1
1	9	90	1
41	16	43	1
73	2	25	1
15	20	65	1
70	9	21	1
17	43	40	1
15	21	64	1
99	0	1	1
100	0	0	1
12	7	81	1
84	3	13	1
95	0	5	1
2	16	82	1
91	0	9	1
36	4	60	1
23	21	56	1
1	9	90	1
34	28	38	1
0	9	91	1
36	13	51	1
0	1	99	1
1	26	73	1
1	10	89	1
0	2	98	1
11	6	83	1
0	0	100	1
16	22	62	1
78	2	20	1
0	16	84	1
44	10	46	1
1	0	99	1
0	0	100	1
0	12	88	1
1	9	90	1
1	0	99	1
4	3	93	1
0	8	92	1
0	7	93	1
0	0	100	4
0	0	100	1
0	0	100	4
3	7	90	1
0	4	96	1
0	9	91	1
0	12	88	1
51	11	38	1
1	14	85	1
13	34	53	1
