84	16	0	1
92	8	0	1
30	70	0	3
53	47	0	3
99	1	0	1
100	0	0	1
53	47	0	2
19	81	0	2
0	25	75	1
0	46	54	1
0	43	57	1
15	55	30	1
37	63	0	2
81	19	0	1
40	60	0	1
91	9	0	1
99	1	0	1
2	97	1	1
35	65	0	2
12	88	0	1
100	0	0	1
99	1	0	1
17	82	1	1
70	30	0	1
93	7	0	1
34	66	0	2
80	20	0	1
17	83	0	1
15	85	0	1
100	0	0	1
100	0	0	1
81	19	0	1
97	3	0	1
100	0	0	1
2	48	50	1
100	0	0	1
81	19	0	1
57	43	0	3
9	90	1	1
40	60	0	2
5	88	7	1
61	39	0	2
0	9	91	1
5	85	10	2
8	87	5	1
0	52	48	1
33	67	0	2
0	2	98	1
30	69	1	1
98	2	0	1
2	98	0	2
53	47	0	2
2	24	74	1
0	37	63	1
13	87	0	2
1	56	43	1
1	31	68	1
18	81	1	1
15	83	2	1
1	97	2	1
0	1	99	4
0	7	93	1
0	0	100	4
19	81	0	2
6	89	5	1
0	98	2	1
2	93	5	1
77	23	0	1
8	89	3	2
13	87	0	1
