38	7	55
61	20	19
59	10	31
28	31	41
74	3	23
100	0	0
39	15	46
8	24	68
0	0	100
0	2	98
0	0	100
0	0	100
6	17	77
58	16	26
12	21	67
45	12	43
77	5	18
3	33	64
9	32	59
1	33	66
96	4	0
78	3	19
5	24	71
13	30	57
65	6	29
7	30	63
64	5	31
5	12	83
2	9	89
99	0	1
100	0	0
75	3	22
86	5	9
82	1	17
0	5	95
93	1	6
8	12	80
27	25	48
2	17	81
26	21	53
0	19	81
35	12	53
0	26	74
2	16	82
3	27	70
0	4	96
33	9	58
0	0	100
9	24	67
80	3	17
2	16	82
10	8	82
0	3	97
0	11	89
0	33	67
0	5	95
0	6	94
32	19	49
2	34	64
1	18	81
0	0	100
0	0	100
0	0	100
2	11	87
0	9	91
2	31	67
0	16	84
72	11	17
0	23	77
2	14	84
