49	51	0
64	36	0
72	28	0
30	70	0
86	14	0
100	0	0
45	55	0
9	91	0
0	41	59
0	19	81
0	42	58
0	68	32
6	94	0
69	31	0
12	88	0
52	48	0
90	10	0
3	97	0
21	79	0
1	99	0
96	4	0
88	12	0
5	93	2
17	83	0
70	30	0
10	89	1
67	33	0
5	88	7
2	84	14
100	0	0
100	0	0
79	21	0
91	9	0
91	9	0
0	10	90
99	1	0
11	89	0
29	71	0
2	97	1
26	72	2
0	88	12
36	64	0
0	68	32
2	95	3
3	95	2
0	13	87
35	65	0
0	0	100
9	83	8
87	13	0
2	89	9
12	88	0
0	25	75
0	66	34
0	100	0
0	29	71
0	38	62
36	64	0
2	98	0
1	99	0
0	0	100
0	0	100
0	6	94
2	98	0
0	99	1
2	98	0
1	63	36
80	20	0
0	93	7
2	67	31
