67	33	0
79	21	0
86	14	0
29	71	0
100	0	0
100	0	0
64	36	0
1	99	0
0	90	10
0	53	47
6	84	10
7	90	3
36	64	0
86	14	0
19	81	0
60	40	0
94	6	0
18	82	0
72	28	0
4	96	0
100	0	0
94	6	0
9	90	1
48	52	0
85	15	0
5	95	0
51	49	0
2	94	4
1	55	44
100	0	0
100	0	0
77	23	0
100	0	0
96	4	0
0	16	84
100	0	0
23	77	0
16	84	0
0	100	0
19	81	0
3	97	0
16	84	0
0	62	38
0	99	1
2	98	0
0	71	29
12	88	0
0	5	95
2	83	15
91	9	0
0	98	2
4	96	0
0	8	92
4	89	7
1	99	0
0	84	16
0	81	19
45	55	0
11	89	0
0	100	0
0	41	59
0	4	96
0	75	25
1	99	0
1	96	3
2	98	0
28	65	7
97	3	0
0	100	0
0	28	72
