30	16	54
54	15	31
59	10	31
24	26	50
58	5	37
100	0	0
30	24	46
7	35	58
0	0	100
0	5	95
0	0	100
0	12	88
4	24	72
76	16	8
10	25	65
40	17	43
80	4	16
4	37	59
19	40	41
1	39	60
95	5	0
64	4	32
7	31	62
24	31	45
58	6	36
9	33	58
52	7	41
6	25	69
0	18	82
97	0	3
100	0	0
62	4	34
82	5	13
75	1	24
0	5	95
89	0	11
12	15	73
24	26	50
2	24	74
20	24	56
0	26	74
29	19	52
0	31	69
0	29	71
5	34	61
0	3	97
27	15	58
0	0	100
6	27	67
71	3	26
1	25	74
9	21	70
0	4	96
0	15	85
0	39	61
0	4	96
0	8	92
25	22	53
1	38	61
1	35	64
0	0	100
0	0	100
0	0	100
1	23	76
0	20	80
1	38	61
0	19	81
75	15	10
0	34	66
0	26	74
