47	31	22
62	26	12
76	19	5
27	44	29
84	15	1
100	0	0
37	37	26
7	66	27
0	11	89
0	7	93
0	18	82
0	42	58
9	53	38
79	20	1
10	53	37
49	32	19
89	7	4
6	67	27
38	61	1
1	71	28
95	5	0
78	12	10
7	61	32
32	46	22
74	15	11
10	60	30
56	22	22
6	58	36
0	44	56
99	0	1
100	0	0
71	14	15
95	5	0
87	5	8
0	7	93
98	0	2
18	34	48
27	44	29
2	55	43
23	47	30
0	59	41
30	40	30
0	59	41
0	60	40
5	62	33
0	11	89
28	34	38
0	0	100
6	46	48
83	10	7
1	49	50
13	54	33
0	13	87
0	31	69
0	66	34
0	20	80
0	28	72
36	44	20
4	59	37
1	68	31
0	0	100
0	0	100
0	0	100
1	47	52
0	45	55
1	65	34
7	45	48
80	20	0
0	60	40
0	49	51
