50	50	0
65	35	0
78	22	0
29	71	0
85	15	0
100	0	0
42	58	0
7	93	0
0	58	42
0	39	61
1	58	41
0	79	21
16	84	0
80	20	0
14	86	0
53	47	0
92	8	0
8	92	0
39	61	0
1	99	0
95	5	0
82	18	0
9	91	0
36	64	0
78	22	0
10	90	0
58	42	0
6	92	2
0	70	30
100	0	0
100	0	0
72	28	0
95	5	0
92	8	0
0	9	91
100	0	0
20	80	0
27	73	0
2	98	0
24	76	0
0	90	10
32	68	0
0	73	27
0	95	5
5	95	0
0	46	54
28	72	0
0	1	99
6	80	14
85	15	0
1	90	9
13	87	0
0	16	84
0	72	28
0	100	0
0	45	55
0	56	44
44	56	0
4	96	0
1	98	1
0	16	84
0	0	100
0	31	69
1	99	0
0	100	0
2	98	0
12	61	27
80	20	0
0	94	6
0	53	47
