51	22	27
71	15	14
75	13	12
30	22	48
87	7	6
100	0	0
42	23	35
2	45	53
0	18	82
0	5	95
0	16	84
0	32	68
4	55	41
86	12	2
4	43	53
55	22	23
92	2	6
0	48	52
37	43	20
0	48	52
100	0	0
79	7	14
6	38	56
20	35	45
60	14	26
1	47	52
45	14	41
2	41	57
2	42	56
100	0	0
100	0	0
74	10	16
99	1	0
88	2	10
0	8	92
96	0	4
10	42	48
29	23	48
0	45	55
16	32	52
0	43	57
20	30	50
0	35	65
0	39	61
4	43	53
0	3	97
22	26	52
0	0	100
4	39	57
78	9	13
0	43	57
9	38	53
0	9	91
0	27	73
0	47	53
0	0	100
0	15	85
18	34	48
2	48	50
0	47	53
0	0	100
0	0	100
0	0	100
0	47	53
2	39	59
0	47	53
1	25	74
81	15	4
0	46	54
2	32	66
