61	34	5
82	17	1
81	19	0
34	58	8
96	4	0
100	0	0
55	38	7
6	67	27
0	36	64
0	7	93
0	27	73
0	81	19
10	78	12
73	27	0
13	19	68
53	25	22
96	4	0
2	91	7
30	70	0
2	86	12
100	0	0
94	5	1
9	89	2
35	56	9
77	23	0
9	62	29
65	25	10
5	32	63
0	17	83
100	0	0
100	0	0
85	8	7
95	5	0
96	4	0
0	12	88
100	0	0
10	25	65
31	60	9
1	34	65
24	56	20
0	36	64
29	69	2
0	63	37
0	23	77
6	57	37
0	13	87
27	7	66
0	0	100
7	29	64
90	8	2
1	62	37
10	19	71
0	7	93
0	28	72
0	49	51
0	1	99
0	14	86
28	65	7
2	48	50
2	35	63
0	0	100
0	0	100
0	0	100
4	31	65
1	23	76
0	92	8
4	61	35
80	20	0
0	37	63
1	33	66
