69	22	9
87	12	1
97	3	0
32	64	4
100	0	0
100	0	0
65	23	12
12	61	27
1	48	51
2	58	40
21	61	18
9	77	14
49	31	20
97	3	0
37	38	25
60	18	22
98	0	2
38	61	1
92	8	0
4	81	15
100	0	0
98	2	0
14	79	7
62	33	5
90	9	1
6	72	22
57	38	5
0	59	41
0	10	90
100	0	0
100	0	0
87	7	6
100	0	0
98	1	1
0	15	85
100	0	0
34	42	24
37	54	9
0	53	47
37	60	3
4	61	35
18	76	6
0	84	16
0	18	82
13	59	28
0	78	22
8	34	58
0	30	70
0	38	62
93	7	0
3	53	44
3	26	71
0	2	98
13	47	40
5	52	43
0	55	45
0	33	67
65	33	2
10	56	34
2	45	53
0	13	87
0	5	95
0	37	63
29	44	27
0	15	85
14	75	11
57	40	3
98	2	0
3	44	53
0	37	63
