72	28	0
84	16	0
86	14	0
42	58	0
100	0	0
100	0	0
62	38	0
9	88	3
0	87	13
0	37	63
3	86	11
9	88	3
40	58	2
95	5	0
19	76	5
62	37	1
97	3	0
17	83	0
63	37	0
2	98	0
100	0	0
92	8	0
8	92	0
50	48	2
87	13	0
12	88	0
57	43	0
7	88	5
5	56	39
100	0	0
100	0	0
83	16	1
100	0	0
98	2	0
0	21	79
99	1	0
40	56	4
34	66	0
3	94	3
22	78	0
7	90	3
31	68	1
1	55	44
0	90	10
7	90	3
0	64	36
19	64	17
0	0	100
8	66	26
92	8	0
2	94	4
13	79	8
0	6	94
1	89	10
0	94	6
0	67	33
0	63	37
55	45	0
16	84	0
3	92	5
0	14	86
0	0	100
0	61	39
11	86	3
7	68	25
3	97	0
23	62	15
94	6	0
4	89	7
5	45	50
