71	29	0
84	16	0
82	18	0
49	51	0
97	3	0
100	0	0
56	44	0
10	89	1
0	53	47
0	15	85
0	51	49
0	74	26
16	84	0
81	19	0
21	76	3
64	35	1
96	4	0
8	92	0
28	68	4
2	98	0
99	1	0
94	6	0
15	84	1
34	66	0
84	16	0
10	90	0
76	24	0
10	88	2
2	73	25
100	0	0
100	0	0
88	12	0
96	4	0
96	4	0
0	17	83
99	1	0
27	73	0
34	66	0
3	94	3
32	63	5
1	88	11
41	59	0
0	66	34
1	85	14
12	86	2
0	20	80
41	53	6
0	0	100
14	76	10
94	6	0
5	92	3
21	72	7
0	25	75
0	68	32
1	98	1
0	30	70
0	42	58
37	63	0
5	95	0
3	90	7
0	0	100
0	0	100
0	20	80
8	92	0
5	81	14
5	94	1
6	40	54
83	17	0
0	86	14
6	62	32
