72	28	0
84	16	0
86	14	0
42	58	0
100	0	0
100	0	0
62	38	0
9	88	3
0	86	14
0	37	63
3	85	12
9	88	3
40	58	2
95	5	0
19	76	5
62	35	3
97	3	0
17	83	0
63	37	0
2	98	0
100	0	0
92	8	0
8	92	0
50	48	2
87	13	0
12	88	0
57	43	0
7	84	9
5	29	66
100	0	0
100	0	0
83	16	1
100	0	0
98	2	0
0	13	87
99	1	0
40	57	3
34	66	0
3	76	21
22	78	0
7	89	4
31	68	1
1	55	44
0	59	41
7	89	4
0	64	36
18	53	29
0	0	100
8	55	37
92	8	0
2	91	7
13	46	41
0	5	95
1	85	14
0	94	6
0	63	37
0	53	47
55	45	0
16	80	4
3	85	12
0	11	89
0	0	100
0	55	45
11	86	3
7	37	56
3	97	0
23	62	15
94	6	0
4	82	14
5	38	57
