69	22	9
87	13	0
97	3	0
32	64	4
100	0	0
100	0	0
65	24	11
12	64	24
1	54	45
2	59	39
21	60	19
9	77	14
49	31	20
97	3	0
40	39	21
60	18	22
98	0	2
38	62	0
92	8	0
4	85	11
100	0	0
98	2	0
14	79	7
62	33	5
90	9	1
6	74	20
57	38	5
0	62	38
0	21	79
100	0	0
100	0	0
87	7	6
100	0	0
98	1	1
0	21	79
100	0	0
34	42	24
37	54	9
0	62	38
37	60	3
4	62	34
18	76	6
0	84	16
1	45	54
13	61	26
0	79	21
8	36	56
0	30	70
0	48	52
93	7	0
3	56	41
3	39	58
0	2	98
14	52	34
5	56	39
0	57	43
0	36	64
65	34	1
10	62	28
2	54	44
0	14	86
0	5	95
0	40	60
29	44	27
2	35	63
14	77	9
57	40	3
98	2	0
3	49	48
0	43	57
