61	36	3
82	18	0
81	19	0
34	60	6
96	4	0
100	0	0
55	43	2
6	85	9
0	43	57
0	9	91
0	43	57
0	81	19
11	80	9
73	27	0
13	68	19
57	38	5
96	4	0
2	96	2
30	70	0
2	90	8
100	0	0
94	6	0
9	90	1
35	61	4
77	23	0
9	78	13
65	29	6
5	69	26
0	59	41
100	0	0
100	0	0
86	11	3
95	5	0
96	4	0
0	12	88
100	0	0
17	57	26
31	68	1
1	78	21
24	67	9
1	77	22
29	70	1
0	69	31
0	70	30
6	74	20
0	16	84
27	47	26
0	0	100
7	66	27
90	10	0
1	66	33
10	57	33
0	17	83
0	45	55
0	81	19
0	27	73
0	36	64
28	67	5
5	82	13
2	84	14
0	0	100
0	0	100
0	6	94
4	56	40
1	64	35
0	93	7
4	61	35
80	20	0
0	76	24
1	58	41
