62	38	0
83	17	0
79	21	0
44	56	0
99	1	0
100	0	0
51	49	0
1	99	0
0	56	44
0	16	84
0	61	39
0	87	13
4	96	0
75	25	0
5	91	4
53	47	0
97	3	0
1	99	0
29	71	0
1	99	0
100	0	0
94	6	0
7	90	3
45	55	0
90	10	0
9	91	0
67	33	0
1	84	15
0	71	29
100	0	0
100	0	0
86	14	0
92	8	0
94	6	0
0	2	98
100	0	0
16	84	0
27	73	0
0	93	7
33	67	0
0	92	8
29	71	0
0	63	37
0	70	30
3	97	0
0	20	80
25	62	13
0	0	100
3	80	17
96	4	0
0	84	16
7	81	12
0	19	81
0	54	46
0	100	0
0	37	63
0	34	66
24	76	0
3	97	0
1	94	5
0	1	99
0	0	100
0	21	79
0	100	0
1	81	18
0	100	0
1	55	44
79	21	0
0	89	11
1	58	41
