62	38	0
83	17	0
79	21	0
44	56	0
99	1	0
100	0	0
51	49	0
1	99	0
0	56	44
0	16	84
0	61	39
0	87	13
4	96	0
75	25	0
5	88	7
53	47	0
97	3	0
1	99	0
29	71	0
1	99	0
100	0	0
94	6	0
7	90	3
45	55	0
90	10	0
9	91	0
67	33	0
1	84	15
0	41	59
100	0	0
100	0	0
86	14	0
92	8	0
94	6	0
0	2	98
100	0	0
16	83	1
27	73	0
0	87	13
33	67	0
0	92	8
29	71	0
0	63	37
0	32	68
3	97	0
0	20	80
25	46	29
0	0	100
3	61	36
96	4	0
0	84	16
7	46	47
0	18	82
0	50	50
0	100	0
0	37	63
0	33	67
24	76	0
3	97	0
1	93	6
0	1	99
0	0	100
0	19	81
0	100	0
1	46	53
0	100	0
1	55	44
79	21	0
0	89	11
1	56	43
