47	53	0
59	41	0
72	28	0
20	80	0
87	13	0
100	0	0
40	60	0
5	95	0
0	27	73
0	6	94
0	24	76
0	39	61
5	95	0
71	29	0
21	77	2
50	50	0
91	9	0
2	98	0
14	82	4
1	99	0
99	1	0
82	18	0
6	88	6
16	84	0
71	29	0
6	93	1
68	32	0
1	86	13
1	74	25
100	0	0
100	0	0
77	23	0
96	4	0
93	7	0
1	4	95
98	2	0
7	93	0
25	75	0
1	93	6
20	77	3
0	62	38
44	56	0
0	56	44
1	62	37
3	87	10
0	6	94
49	49	2
0	0	100
6	86	8
89	11	0
2	90	8
14	80	6
1	10	89
1	44	55
1	91	8
1	11	88
0	20	80
26	74	0
2	98	0
1	89	10
0	0	100
0	0	100
0	1	99
2	98	0
0	84	16
1	91	8
1	31	68
66	34	0
0	77	23
1	77	22
