39	58	3
59	41	0
60	40	0
18	81	1
76	24	0
100	0	0
37	58	5
2	91	7
0	33	67
0	10	90
0	41	59
0	62	38
1	92	7
70	30	0
11	61	28
45	48	7
92	8	0
0	100	0
19	81	0
1	98	1
98	2	0
80	20	0
11	89	0
13	86	1
62	38	0
5	86	9
55	44	1
3	67	30
0	60	40
100	0	0
100	0	0
68	26	6
90	10	0
83	17	0
0	6	94
97	3	0
3	59	38
18	80	2
0	79	21
19	81	0
0	75	25
31	69	0
0	60	40
0	62	38
1	89	10
0	10	90
32	40	28
0	0	100
3	67	30
78	22	0
0	73	27
8	53	39
0	15	85
0	44	56
0	87	13
0	20	80
0	18	82
20	78	2
0	91	9
0	90	10
0	0	100
0	0	100
0	0	100
0	71	29
0	64	36
0	100	0
1	62	37
81	19	0
0	83	17
0	60	40
