39	58	3
59	39	2
60	40	0
18	81	1
76	24	0
100	0	0
37	58	5
2	86	12
0	30	70
0	10	90
0	41	59
0	62	38
1	90	9
70	30	0
11	26	63
45	35	20
92	8	0
0	100	0
19	81	0
1	96	3
98	2	0
80	19	1
11	88	1
13	85	2
62	38	0
5	86	9
55	43	2
3	49	48
0	20	80
100	0	0
100	0	0
68	25	7
90	10	0
83	17	0
0	4	96
97	3	0
1	28	71
18	79	3
0	41	59
19	81	0
0	29	71
31	69	0
0	60	40
0	23	77
1	83	16
0	11	89
32	14	54
0	0	100
3	42	55
78	22	0
0	72	28
7	25	68
0	6	94
0	30	70
0	59	41
0	4	96
0	7	93
20	78	2
0	55	45
0	36	64
0	0	100
0	0	100
0	0	100
0	51	49
0	31	69
0	100	0
1	61	38
81	19	0
0	39	61
0	36	64
