72	28	0
84	16	0
86	14	0
42	58	0
100	0	0
100	0	0
62	38	0
9	91	0
0	90	10
0	37	63
3	87	10
9	88	3
40	60	0
95	5	0
19	81	0
62	38	0
97	3	0
17	83	0
63	37	0
2	98	0
100	0	0
92	8	0
8	92	0
50	50	0
87	13	0
12	88	0
57	43	0
7	92	1
5	60	35
100	0	0
100	0	0
83	17	0
100	0	0
98	2	0
0	22	78
99	1	0
40	60	0
34	66	0
3	96	1
22	78	0
7	92	1
31	69	0
1	55	44
0	99	1
7	93	0
0	64	36
19	81	0
0	0	100
8	75	17
92	8	0
2	96	2
13	87	0
0	6	94
1	93	6
0	100	0
0	70	30
0	68	32
55	45	0
16	84	0
3	97	0
0	24	76
0	0	100
0	65	35
11	89	0
7	87	6
3	97	0
23	62	15
94	6	0
4	94	2
5	51	44
