39	61	0
59	41	0
60	40	0
18	82	0
76	24	0
100	0	0
37	63	0
2	98	0
0	49	51
0	18	82
0	50	50
0	63	37
1	99	0
70	30	0
11	89	0
45	55	0
92	8	0
0	100	0
19	81	0
1	99	0
98	2	0
80	20	0
11	89	0
13	87	0
62	38	0
5	95	0
55	45	0
3	76	21
0	88	12
100	0	0
100	0	0
68	32	0
90	10	0
83	17	0
0	6	94
97	3	0
3	97	0
18	82	0
0	96	4
19	81	0
0	86	14
31	69	0
0	60	40
0	93	7
1	99	0
0	14	86
32	68	0
0	0	100
3	84	13
78	22	0
0	83	17
8	92	0
0	15	85
0	67	33
0	100	0
0	32	68
0	32	68
20	80	0
0	100	0
0	99	1
0	0	100
0	0	100
0	4	96
0	100	0
0	95	5
0	100	0
1	62	37
81	19	0
0	95	5
0	60	40
