70	30	0
87	13	0
97	3	0
32	68	0
100	0	0
100	0	0
66	34	0
12	88	0
1	98	1
2	85	13
21	78	1
9	91	0
49	51	0
97	3	0
42	58	0
60	40	0
99	1	0
38	62	0
92	8	0
4	96	0
100	0	0
98	2	0
14	86	0
63	37	0
90	10	0
6	94	0
57	43	0
0	100	0
0	85	15
100	0	0
100	0	0
87	13	0
100	0	0
98	2	0
0	40	60
100	0	0
35	65	0
37	63	0
0	100	0
37	63	0
4	96	0
18	82	0
1	94	5
1	99	0
13	87	0
0	90	10
8	92	0
0	54	46
0	90	10
93	7	0
3	97	0
5	95	0
0	4	96
14	83	3
5	95	0
0	94	6
0	84	16
65	35	0
10	90	0
2	98	0
0	71	29
0	27	73
3	90	7
31	69	0
7	93	0
14	86	0
57	40	3
98	2	0
3	97	0
0	94	6
