61	39	0
82	18	0
81	19	0
34	66	0
96	4	0
100	0	0
55	45	0
6	94	0
0	66	34
0	23	77
0	66	34
0	83	17
11	89	0
73	27	0
13	87	0
57	43	0
96	4	0
2	98	0
30	70	0
2	98	0
100	0	0
94	6	0
9	91	0
35	65	0
77	23	0
9	91	0
65	35	0
5	93	2
0	83	17
100	0	0
100	0	0
86	14	0
95	5	0
96	4	0
0	12	88
100	0	0
18	82	0
31	69	0
1	99	0
24	76	0
1	95	4
29	71	0
0	71	29
0	97	3
6	93	1
0	40	60
27	73	0
0	0	100
7	86	7
90	10	0
1	95	4
10	90	0
0	17	83
0	74	26
0	100	0
0	43	57
0	55	45
28	72	0
5	95	0
2	98	0
0	6	94
0	0	100
0	34	66
4	96	0
1	99	0
0	100	0
4	61	35
80	20	0
0	96	4
1	66	33
