61	0	39
84	0	16
28	0	72
38	0	62
85	0	15
100	0	0
31	0	69
28	0	72
0	0	100
21	0	79
5	0	95
8	0	92
33	0	67
71	0	29
27	0	73
72	0	28
95	0	5
16	0	84
46	0	54
29	0	71
99	0	1
92	0	8
17	0	83
64	0	36
74	0	26
53	0	47
81	0	19
67	0	33
47	0	53
99	0	1
100	0	0
28	0	72
87	0	13
92	0	8
43	0	57
90	0	10
54	0	46
55	0	45
19	0	81
67	0	33
19	0	81
60	0	40
13	0	87
36	0	64
19	0	81
20	0	80
28	0	72
2	0	98
44	0	56
82	0	18
19	0	81
56	0	44
14	0	86
3	0	97
20	0	80
34	0	66
9	0	91
15	0	85
19	0	81
12	0	88
0	0	100
2	0	98
0	0	100
15	0	85
9	0	91
15	0	85
30	0	70
68	0	32
22	0	78
62	0	38
