54	46	0
74	26	0
68	32	0
33	67	0
95	5	0
100	0	0
49	51	0
8	92	0
0	48	52
0	16	84
0	49	51
0	68	32
9	91	0
78	22	0
16	84	0
59	41	0
96	4	0
2	98	0
30	70	0
3	97	0
97	3	0
88	12	0
11	87	2
27	73	0
75	25	0
7	93	0
61	39	0
6	81	13
1	70	29
100	0	0
100	0	0
73	27	0
91	9	0
96	4	0
0	10	90
100	0	0
17	83	0
26	74	0
2	91	7
25	71	4
0	88	12
30	70	0
1	63	36
1	90	9
7	93	0
0	14	86
30	70	0
0	0	100
10	81	9
79	21	0
1	91	8
15	85	0
1	16	83
2	59	39
1	99	0
1	36	63
0	39	61
33	67	0
3	97	0
1	93	6
0	3	97
0	0	100
0	17	83
3	97	0
3	89	8
2	96	2
6	32	62
77	23	0
1	89	10
1	39	60
