52	24	24
81	3	16
75	12	13
43	20	37
88	2	10
100	0	0
56	23	21
4	54	42
0	9	91
0	7	93
0	9	91
0	48	52
3	39	58
77	18	5
2	47	51
54	28	18
98	1	1
2	58	40
30	61	9
0	63	37
99	1	0
89	1	10
4	48	48
33	38	29
76	5	19
10	47	43
66	8	26
1	44	55
0	32	68
99	0	1
100	0	0
84	2	14
96	4	0
92	0	8
0	5	95
98	1	1
12	39	49
30	34	36
0	43	57
28	29	43
0	52	48
22	40	38
0	44	56
0	40	60
2	45	53
0	5	95
19	38	43
0	0	100
1	45	54
87	3	10
0	40	60
9	46	45
0	13	87
0	13	87
0	57	43
0	0	100
0	18	82
25	42	33
0	59	41
0	52	48
0	0	100
0	0	100
0	0	100
0	29	71
0	32	68
0	56	44
2	27	71
84	16	0
0	51	49
0	37	63
