0	13	87
13	83	4
12	78	10
0	44	56
91	9	0
100	0	0
0	33	67
6	58	36
0	0	100
0	0	100
0	0	100
0	3	97
12	69	19
46	50	4
0	0	100
0	17	83
19	36	45
0	58	42
5	57	38
1	18	81
99	1	0
0	71	29
0	24	76
31	59	10
72	25	3
7	64	29
56	37	7
0	0	100
0	0	100
68	30	2
98	2	0
1	36	63
58	38	4
8	86	6
0	0	100
35	40	25
0	0	100
0	25	75
0	0	100
24	56	20
0	31	69
25	66	9
0	0	100
0	0	100
0	0	100
0	0	100
0	1	99
1	12	87
0	0	100
34	64	2
64	28	8
8	25	67
0	6	94
0	26	74
0	41	59
0	3	97
64	22	14
30	61	9
1	46	53
2	35	63
0	0	100
0	0	100
0	0	100
3	27	70
1	26	73
1	86	13
7	62	31
70	30	0
1	33	66
1	29	70
