0	68	32
13	86	1
12	88	0
0	48	52
91	9	0
100	0	0
0	82	18
6	94	0
0	0	100
0	0	100
0	3	97
0	15	85
14	86	0
46	52	2
0	29	71
0	43	57
20	80	0
0	64	36
5	57	38
1	28	71
99	1	0
0	90	10
0	32	68
32	68	0
73	27	0
7	93	0
56	44	0
0	0	100
0	0	100
68	32	0
98	2	0
1	84	15
58	42	0
8	92	0
0	0	100
35	65	0
0	0	100
0	42	58
0	0	100
24	75	1
0	94	6
25	75	0
0	5	95
0	0	100
0	0	100
0	4	96
0	4	96
1	99	0
0	0	100
34	66	0
64	36	0
8	92	0
0	13	87
0	80	20
0	100	0
0	47	53
64	36	0
32	68	0
4	96	0
3	96	1
0	17	83
0	1	99
0	38	62
3	97	0
1	99	0
1	99	0
8	63	29
70	30	0
1	94	5
1	66	33
