53	0	47
63	0	37
77	0	23
23	6	71
97	0	3
100	0	0
46	5	49
5	16	79
0	17	83
0	5	95
2	17	81
7	15	78
38	8	54
91	3	6
13	16	71
50	4	46
89	0	11
12	13	75
80	9	11
7	16	77
100	0	0
68	0	32
5	14	81
40	8	52
67	3	30
7	13	80
33	5	62
4	16	80
1	13	86
95	0	5
100	0	0
60	0	40
100	0	0
71	0	29
0	8	92
90	0	10
23	8	69
17	9	74
1	16	83
9	11	80
3	18	79
15	10	75
0	12	88
0	20	80
4	13	83
0	8	92
10	12	78
0	3	97
1	15	84
77	1	22
3	16	81
6	14	80
0	7	93
5	15	80
2	18	80
0	10	90
0	14	86
40	9	51
10	13	77
1	17	82
0	2	98
0	0	100
0	6	94
9	18	73
1	16	83
4	16	80
16	13	71
99	0	1
1	18	81
1	12	87
