72	28	0
95	5	0
100	0	0
39	61	0
100	0	0
100	0	0
69	31	0
10	90	0
0	98	2
0	85	15
15	83	2
17	83	0
53	47	0
96	4	0
36	64	0
56	44	0
98	2	0
35	65	0
90	10	0
9	91	0
100	0	0
97	3	0
15	85	0
57	43	0
92	8	0
7	93	0
68	32	0
4	96	0
1	80	19
100	0	0
100	0	0
81	19	0
100	0	0
100	0	0
0	40	60
100	0	0
46	54	0
43	57	0
1	99	0
34	66	0
4	96	0
29	71	0
1	91	8
2	98	0
17	83	0
0	84	16
11	89	0
0	51	49
2	87	11
96	4	0
3	97	0
7	93	0
0	8	92
13	84	3
6	94	0
1	89	10
0	92	8
70	30	0
14	86	0
1	99	0
0	67	33
0	21	79
1	86	13
34	66	0
7	93	0
17	83	0
53	43	4
100	0	0
1	99	0
1	93	6
