38	57	5
59	41	0
69	31	0
23	76	1
83	17	0
100	0	0
39	56	5
9	84	7
0	27	73
0	6	94
0	31	69
0	56	44
3	90	7
64	36	0
13	30	57
50	40	10
88	12	0
0	100	0
18	82	0
1	97	2
93	7	0
81	18	1
7	93	0
13	83	4
64	36	0
9	85	6
60	39	1
5	52	43
0	30	70
100	0	0
100	0	0
72	23	5
88	12	0
89	11	0
0	9	91
99	1	0
8	30	62
26	74	0
0	49	51
24	75	1
0	37	63
35	65	0
0	65	35
0	30	70
3	83	14
0	3	97
32	19	49
0	0	100
5	48	47
87	13	0
0	84	16
15	21	64
0	4	96
0	42	58
0	73	27
0	7	93
0	14	86
23	76	1
0	68	32
0	45	55
0	0	100
0	0	100
0	0	100
0	56	44
0	34	66
0	100	0
1	47	52
71	29	0
0	42	58
0	44	56
