61	33	6
81	14	5
69	29	2
38	49	13
97	2	1
100	0	0
57	33	10
9	78	13
0	40	60
0	7	93
0	42	58
0	61	39
15	78	7
74	26	0
16	72	12
61	32	7
92	6	2
5	83	12
27	68	5
2	84	14
99	1	0
88	8	4
13	74	13
31	59	10
75	17	8
7	80	13
65	22	13
7	76	17
1	71	28
100	0	0
100	0	0
79	14	7
95	5	0
96	0	4
0	13	87
98	0	2
20	67	13
33	54	13
1	80	19
23	61	16
1	75	24
30	57	13
1	52	47
1	83	16
8	73	19
0	13	87
30	57	13
0	0	100
10	73	17
94	6	0
2	84	14
17	70	13
0	18	82
0	57	43
0	86	14
0	19	81
0	31	69
27	64	9
8	79	13
2	77	21
0	0	100
0	0	100
0	10	90
4	84	12
4	77	19
2	85	13
2	41	57
79	21	0
0	74	26
2	60	38
