52	46	2
69	29	2
80	18	2
24	74	2
94	4	2
94	4	2
53	45	2
3	95	2
0	94	6
0	57	43
4	90	6
2	94	4
26	72	2
90	8	2
14	84	2
48	50	2
92	6	2
7	91	2
75	23	2
8	90	2
94	4	2
76	22	2
4	93	3
39	59	2
77	21	2
4	94	2
37	61	2
0	92	8
0	55	45
94	4	2
94	4	2
60	38	2
94	4	2
85	13	2
0	16	84
93	5	2
15	83	2
18	80	2
0	98	2
12	86	2
1	97	2
13	85	2
0	60	40
0	98	2
0	98	2
0	62	38
5	93	2
0	7	93
0	79	21
87	11	2
1	90	9
2	96	2
0	10	90
2	91	7
0	98	2
0	80	20
0	72	28
37	61	2
7	91	2
0	97	3
0	42	58
0	9	91
0	69	31
9	89	2
0	96	4
3	95	2
39	54	7
90	8	2
0	98	2
0	57	43
