32	28	40
58	22	20
50	16	34
25	36	39
75	5	20
100	0	0
36	30	34
5	49	46
0	0	100
0	1	99
0	1	99
0	11	89
3	51	46
61	29	10
12	42	46
35	31	34
87	3	10
3	51	46
10	51	39
1	53	46
97	3	0
70	10	20
6	49	45
13	47	40
59	10	31
2	51	47
53	11	36
0	54	46
0	50	50
100	0	0
100	0	0
63	12	25
90	7	3
86	0	14
0	4	96
96	0	4
6	51	43
16	40	44
3	51	46
12	43	45
0	36	64
28	28	44
0	41	59
2	28	70
4	47	49
0	1	99
32	25	43
0	0	100
6	48	46
83	0	17
1	53	46
7	48	45
0	11	89
0	22	78
0	49	51
0	3	97
0	10	90
16	41	43
2	52	46
0	52	48
0	0	100
0	0	100
0	0	100
3	51	46
0	53	47
3	51	46
0	3	97
62	31	7
0	42	58
0	54	46
