39	51	10
58	32	10
58	35	7
27	61	12
85	8	7
100	0	0
43	47	10
5	82	13
0	23	77
0	1	99
0	25	75
0	39	61
3	85	12
65	35	0
12	72	16
38	51	11
92	8	0
3	85	12
20	75	5
1	87	12
97	3	0
76	17	7
6	75	19
16	74	10
67	26	7
2	84	14
56	32	12
0	74	26
0	75	25
100	0	0
100	0	0
63	27	10
91	7	2
89	4	7
0	4	96
98	0	2
6	82	12
16	72	12
3	73	24
12	74	14
0	70	30
28	60	12
0	51	49
2	57	41
4	77	19
0	1	99
32	56	12
0	0	100
6	72	22
90	10	0
1	76	23
7	77	16
0	13	87
0	40	60
0	79	21
0	6	94
0	12	88
16	72	12
2	86	12
0	82	18
0	0	100
0	0	100
0	0	100
3	82	15
0	75	25
3	85	12
0	24	76
62	38	0
0	72	28
0	65	35
