39	61	0
58	42	0
61	39	0
27	73	0
92	8	0
100	0	0
46	54	0
5	95	0
0	39	61
0	5	95
0	38	62
0	55	45
3	97	0
65	35	0
12	88	0
38	62	0
92	8	0
3	97	0
24	75	1
1	99	0
97	3	0
81	19	0
6	91	3
20	80	0
67	33	0
2	97	1
56	44	0
0	78	22
0	79	21
100	0	0
100	0	0
63	37	0
93	7	0
94	6	0
0	4	96
100	0	0
6	94	0
16	84	0
3	89	8
14	84	2
0	82	18
28	72	0
0	61	39
2	73	25
4	93	3
0	2	98
32	68	0
0	0	100
6	84	10
90	10	0
1	82	17
7	93	0
0	13	87
0	51	49
0	95	5
0	18	82
0	20	80
16	84	0
2	98	0
0	98	2
0	0	100
0	0	100
0	2	98
3	97	0
0	91	9
3	97	0
0	37	63
62	38	0
0	86	14
0	65	35
