74	26	0	1
100	0	0	1
58	42	0	1
38	62	0	1
100	0	0	1
100	0	0	1
92	8	0	1
31	69	0	2
0	79	21	4
14	76	10	1
1	94	5	1
37	61	2	1
30	70	0	1
96	4	0	1
68	32	0	1
80	20	0	1
100	0	0	1
33	67	0	2
91	9	0	2
27	73	0	1
100	0	0	1
100	0	0	1
20	80	0	1
89	11	0	2
99	1	0	1
19	81	0	3
85	15	0	1
6	94	0	1
4	96	0	1
100	0	0	1
100	0	0	1
60	40	0	1
100	0	0	1
100	0	0	1
0	90	10	2
100	0	0	1
73	27	0	1
70	30	0	1
7	93	0	2
61	39	0	1
18	82	0	1
67	33	0	1
3	80	17	1
15	84	1	2
13	87	0	2
5	91	4	1
15	85	0	1
0	59	41	1
18	82	0	1
100	0	0	1
7	93	0	2
30	70	0	2
2	5	93	1
0	92	8	1
41	59	0	2
5	90	5	1
1	75	24	2
8	92	0	1
13	87	0	2
7	93	0	2
0	52	48	4
2	61	37	1
0	28	72	4
13	87	0	1
38	62	0	3
23	77	0	2
55	45	0	1
99	1	0	1
7	93	0	2
3	97	0	1
