50	50	0
66	34	0
81	19	0
36	64	0
90	10	0
100	0	0
42	58	0
6	93	1
0	65	35
0	35	65
0	65	35
0	83	17
16	84	0
84	16	0
12	88	0
51	49	0
96	4	0
7	93	0
38	62	0
5	95	0
99	1	0
87	13	0
10	90	0
36	64	0
70	30	0
6	94	0
57	43	0
5	92	3
2	73	25
100	0	0
100	0	0
77	23	0
95	5	0
92	8	0
2	10	88
98	2	0
19	81	0
28	72	0
2	96	2
22	75	3
2	93	5
24	76	0
0	75	25
3	94	3
6	94	0
0	45	55
22	78	0
0	0	100
8	83	9
86	14	0
4	92	4
10	90	0
2	13	85
2	79	19
2	98	0
2	47	51
2	58	40
33	67	0
5	95	0
3	93	4
0	17	83
0	1	99
0	37	63
6	94	0
3	97	0
3	97	0
7	65	28
71	29	0
1	92	7
3	59	38
