36	8	56
58	7	35
62	8	30
15	9	76
67	0	33
100	0	0
42	5	53
1	16	83
0	2	98
0	1	99
0	2	98
2	10	88
4	11	85
79	8	13
2	11	87
36	7	57
84	4	12
3	13	84
51	16	33
0	17	83
100	0	0
71	2	27
4	13	83
26	13	61
53	7	40
5	13	82
37	6	57
2	12	86
0	10	90
96	0	4
99	0	1
60	5	35
97	0	3
78	1	21
0	1	99
92	0	8
6	9	85
12	12	76
0	10	90
9	9	82
2	14	84
11	12	77
0	10	90
0	14	86
2	13	85
0	3	97
8	8	84
0	0	100
2	10	88
74	2	24
0	11	89
4	12	84
0	3	97
0	6	94
1	14	85
0	1	99
0	6	94
14	13	73
5	15	80
0	14	86
0	0	100
0	0	100
0	0	100
0	11	89
1	11	88
0	15	85
3	13	84
93	3	4
0	13	87
0	11	89
