60	12	28
76	12	12
82	11	7
24	27	49
100	0	0
100	0	0
61	13	26
1	48	51
0	21	79
0	1	99
0	27	73
5	31	64
22	32	46
85	14	1
8	35	57
59	18	23
91	4	5
10	39	51
70	28	2
3	45	52
100	0	0
87	2	11
4	34	62
44	25	31
83	13	4
5	37	58
42	17	41
2	26	72
1	22	77
98	0	2
100	0	0
70	8	22
100	0	0
90	2	8
0	4	96
95	0	5
12	19	69
13	39	48
0	28	72
14	32	54
3	39	58
15	34	51
0	26	74
0	40	60
2	32	66
0	7	93
12	27	61
0	1	99
2	22	76
90	3	7
0	21	79
4	36	60
0	6	94
3	23	74
1	41	58
0	23	77
0	23	77
37	35	28
9	31	60
0	42	58
0	0	100
0	0	100
0	2	98
0	20	80
1	14	85
2	42	56
20	38	42
97	3	0
0	37	63
0	17	83
