57	43	0	1
100	0	0	1
64	36	0	1
44	56	0	1
100	0	0	1
100	0	0	1
89	11	0	2
27	73	0	2
2	92	6	1
18	82	0	1
1	97	2	1
48	52	0	1
19	81	0	2
99	1	0	1
59	41	0	2
62	38	0	1
99	1	0	1
66	34	0	1
99	1	0	1
36	64	0	1
100	0	0	1
100	0	0	1
29	71	0	1
89	11	0	1
100	0	0	1
20	80	0	1
91	9	0	2
4	96	0	1
0	99	1	1
100	0	0	1
100	0	0	1
30	70	0	2
100	0	0	1
100	0	0	1
0	98	2	2
100	0	0	1
52	48	0	2
65	35	0	1
0	100	0	1
77	23	0	1
6	94	0	1
76	24	0	1
7	88	5	2
6	92	2	1
15	85	0	2
11	89	0	2
2	98	0	1
1	87	12	1
18	81	1	1
100	0	0	1
2	98	0	3
25	75	0	1
0	8	92	1
1	96	3	1
21	79	0	2
7	91	2	1
0	84	16	1
4	96	0	3
3	97	0	3
0	98	2	1
0	63	37	1
3	89	8	1
0	37	63	1
6	94	0	1
41	59	0	1
53	47	0	1
65	35	0	1
99	1	0	1
2	98	0	1
1	99	0	1
