57	26	17
79	9	12
63	22	15
36	34	30
93	2	5
100	0	0
56	23	21
9	55	36
0	17	83
0	4	96
0	17	83
0	39	61
10	59	31
73	23	4
15	47	38
54	24	22
89	5	6
5	61	34
21	56	23
1	61	38
99	1	0
84	6	10
13	51	36
30	46	24
71	12	17
7	59	34
65	11	24
7	55	38
1	58	41
99	0	1
100	0	0
74	9	17
93	5	2
94	0	6
0	13	87
96	0	4
19	51	30
33	36	31
1	61	38
23	39	38
0	53	47
30	38	32
1	43	56
1	59	40
8	52	40
0	5	95
30	35	35
0	0	100
10	51	39
88	4	8
2	61	37
17	47	36
0	17	83
0	38	62
0	62	38
0	2	98
0	22	78
23	46	31
8	61	31
2	56	42
0	0	100
0	0	100
0	0	100
4	59	37
4	57	39
2	61	37
0	21	79
78	20	2
0	51	49
2	56	42
