61	39	0
81	19	0
70	30	0
39	61	0
98	2	0
100	0	0
57	43	0
9	91	0
0	51	49
0	14	86
0	54	46
0	74	26
15	85	0
74	26	0
16	84	0
61	39	0
94	6	0
6	94	0
28	68	4
2	97	1
99	1	0
90	10	0
14	84	2
33	67	0
76	24	0
7	93	0
67	33	0
7	89	4
1	75	24
100	0	0
100	0	0
79	21	0
95	5	0
99	1	0
0	13	87
99	1	0
20	80	0
33	67	0
1	96	3
24	72	4
1	88	11
30	70	0
1	59	40
1	96	3
8	90	2
0	20	80
30	70	0
0	0	100
10	85	5
94	6	0
2	94	4
17	83	0
0	18	82
0	69	31
0	99	1
0	33	67
0	40	60
28	72	0
8	92	0
2	93	5
0	3	97
0	0	100
0	22	78
4	96	0
4	92	4
3	97	0
3	50	47
79	21	0
0	88	12
2	65	33
