54	36	10
68	28	4
84	16	0
37	52	11
91	9	0
100	0	0
44	42	14
5	58	37
0	26	74
0	7	93
0	20	80
0	76	24
16	67	17
85	15	0
11	24	65
45	24	31
95	3	2
7	86	7
40	60	0
4	78	18
98	2	0
87	12	1
9	86	5
33	57	10
75	23	2
6	67	27
55	37	8
6	32	62
2	18	80
100	0	0
100	0	0
77	9	14
95	5	0
92	7	1
2	7	91
98	0	2
15	20	65
31	59	10
2	35	63
24	54	22
2	29	69
27	64	9
0	57	43
3	21	76
5	53	42
0	14	86
23	12	65
0	0	100
8	29	63
87	13	0
4	53	43
9	24	67
2	6	92
1	25	74
2	40	58
2	3	95
2	12	86
34	58	8
3	46	51
2	28	70
0	0	100
0	0	100
0	0	100
5	29	66
3	21	76
3	84	13
6	62	32
72	28	0
1	29	70
4	31	65
