55	45	0
68	32	0
84	16	0
37	63	0
91	9	0
100	0	0
44	56	0
5	94	1
0	65	35
0	35	65
0	65	35
0	85	15
17	83	0
85	15	0
12	88	0
47	53	0
96	4	0
7	93	0
40	60	0
4	96	0
98	2	0
87	13	0
10	90	0
34	66	0
75	25	0
6	94	0
55	45	0
6	92	2
2	75	23
100	0	0
100	0	0
80	20	0
95	5	0
93	7	0
2	10	88
99	1	0
23	77	0
31	69	0
2	97	1
24	73	3
2	93	5
27	73	0
0	73	27
3	93	4
5	95	0
0	46	54
24	76	0
0	0	100
8	84	8
87	13	0
4	94	2
10	90	0
2	15	83
1	78	21
2	98	0
2	47	51
2	56	42
34	66	0
6	94	0
3	94	3
0	19	81
0	1	99
0	38	62
6	94	0
3	97	0
3	97	0
6	62	32
72	28	0
1	92	7
4	64	32
