38	62	0
59	41	0
69	31	0
23	77	0
83	17	0
100	0	0
39	61	0
9	91	0
0	40	60
0	14	86
0	40	60
0	56	44
3	97	0
64	36	0
13	87	0
50	50	0
88	12	0
0	100	0
18	82	0
1	99	0
93	7	0
81	19	0
7	93	0
13	87	0
64	36	0
9	91	0
60	40	0
5	86	9
0	87	13
100	0	0
100	0	0
72	28	0
88	12	0
89	11	0
0	10	90
99	1	0
8	92	0
26	74	0
0	99	1
24	76	0
0	86	14
35	65	0
0	65	35
0	92	8
3	97	0
0	7	93
33	67	0
0	0	100
5	86	9
87	13	0
0	89	11
16	84	0
0	17	83
0	62	38
0	100	0
0	22	78
0	29	71
23	77	0
1	99	0
0	99	1
0	0	100
0	0	100
0	4	96
0	100	0
0	98	2
0	100	0
1	47	52
71	29	0
0	91	9
0	74	26
