35	16	49
55	24	21
53	9	38
22	36	42
75	2	23
100	0	0
29	28	43
6	37	57
0	0	100
0	2	98
0	2	98
0	1	99
6	37	57
50	13	37
10	34	56
37	13	50
78	4	18
2	38	60
5	38	57
6	34	60
98	2	0
77	0	23
8	36	56
11	36	53
65	6	29
2	34	64
66	2	32
1	40	59
0	39	61
95	0	5
100	0	0
75	4	21
75	4	21
86	0	14
0	6	94
89	0	11
8	36	56
23	27	50
0	39	61
20	31	49
0	25	75
37	14	49
0	38	62
0	29	71
4	39	57
0	2	98
39	12	49
0	0	100
5	38	57
80	2	18
2	36	62
7	34	59
0	10	90
0	25	75
0	38	62
0	5	95
0	6	94
25	24	51
0	40	60
0	32	68
0	0	100
0	0	100
0	0	100
2	38	60
0	43	57
0	38	62
0	16	84
52	22	26
0	35	65
0	41	59
