49	11	40
78	6	16
98	1	1
21	26	53
100	0	0
100	0	0
60	10	30
12	35	53
0	30	70
0	4	96
12	26	62
8	26	66
31	12	57
98	1	1
38	24	38
46	11	43
95	0	5
23	37	40
96	4	0
9	35	56
100	0	0
93	4	3
8	34	58
62	18	20
91	5	4
4	34	62
57	24	19
2	27	71
1	15	84
100	0	0
100	0	0
58	10	32
100	0	0
91	2	7
1	10	89
97	0	3
27	13	60
24	30	46
1	27	72
21	37	42
4	32	64
27	30	43
1	29	70
2	33	65
7	32	61
0	9	91
8	18	74
0	1	99
1	18	81
90	9	1
1	15	84
4	33	63
0	4	96
8	17	75
5	36	59
0	33	67
1	25	74
61	20	19
9	23	68
1	36	63
0	3	97
0	0	100
0	10	90
9	15	76
1	15	84
3	36	61
64	25	11
99	1	0
2	28	70
1	7	92
