61	39	0
90	10	0
99	1	0
31	69	0
100	0	0
100	0	0
70	30	0
13	87	0
0	97	3
0	86	14
17	80	3
10	89	1
38	62	0
99	1	0
44	56	0
46	54	0
100	0	0
36	64	0
96	4	0
15	85	0
100	0	0
95	5	0
16	84	0
70	30	0
95	5	0
4	96	0
64	36	0
2	97	1
1	73	26
100	0	0
100	0	0
73	27	0
100	0	0
98	2	0
1	30	69
100	0	0
35	65	0
32	68	0
1	99	0
27	73	0
4	96	0
31	69	0
1	96	3
2	97	1
9	91	0
0	86	14
8	92	0
0	54	46
1	92	7
91	9	0
1	97	2
4	96	0
0	7	93
10	86	4
5	95	0
0	95	5
1	86	13
69	31	0
10	90	0
1	98	1
0	71	29
0	31	69
1	91	8
13	87	0
6	94	0
10	90	0
66	29	5
99	1	0
2	97	1
1	53	46
