65	35	0	1
97	3	0	1
17	83	0	1
20	80	0	3
96	4	0	1
100	0	0	1
73	27	0	1
6	94	0	1
0	66	34	1
3	90	7	1
0	76	24	1
18	74	8	2
17	83	0	1
92	8	0	1
42	58	0	1
73	27	0	2
100	0	0	1
20	80	0	1
77	23	0	1
5	95	0	3
100	0	0	1
98	2	0	1
5	94	1	3
85	15	0	3
93	7	0	1
15	85	0	1
74	26	0	1
1	99	0	1
4	95	1	1
100	0	0	1
100	0	0	1
54	46	0	1
99	1	0	1
100	0	0	1
0	84	16	1
100	0	0	1
61	39	0	2
51	49	0	2
5	94	1	1
47	53	0	1
8	92	0	1
48	52	0	1
0	67	33	1
8	88	4	1
4	92	4	1
1	95	4	1
6	94	0	1
0	32	68	1
14	86	0	1
97	3	0	1
4	96	0	1
24	76	0	2
2	9	89	1
0	87	13	1
26	74	0	1
0	91	9	1
0	65	35	1
2	98	0	1
6	92	2	1
0	96	4	1
0	19	81	1
0	46	54	1
0	4	96	1
3	97	0	1
15	85	0	2
5	95	0	1
31	69	0	1
95	5	0	1
7	92	1	1
0	98	2	1
