41	59	0
63	37	0
71	29	0
26	74	0
87	13	0
100	0	0
41	59	0
6	94	0
0	36	64
0	11	89
0	38	62
0	55	45
6	94	0
63	37	0
10	90	0
46	54	0
92	8	0
2	98	0
15	85	0
6	94	0
98	2	0
91	9	0
8	91	1
17	83	0
79	21	0
2	94	4
77	23	0
1	92	7
0	92	8
100	0	0
100	0	0
79	21	0
80	20	0
89	11	0
0	6	94
97	3	0
8	92	0
25	75	0
0	99	1
26	74	0
0	84	16
37	63	0
0	83	17
0	89	11
4	96	0
0	12	88
39	61	0
0	0	100
5	91	4
88	12	0
2	91	7
7	93	0
0	18	82
0	59	41
0	100	0
0	22	78
0	17	83
29	71	0
0	100	0
0	92	8
0	0	100
0	0	100
0	2	98
2	98	0
0	99	1
0	100	0
0	61	39
62	38	0
0	96	4
0	80	20
