69	11	20
84	6	10
89	7	4
36	28	36
99	1	0
100	0	0
64	18	18
8	51	41
0	31	69
0	1	99
1	37	62
13	41	46
31	38	31
90	10	0
12	39	49
65	16	19
97	0	3
18	40	42
60	38	2
5	51	44
100	0	0
87	4	9
8	46	46
51	27	22
84	8	8
16	39	45
51	19	30
7	37	56
3	31	66
100	0	0
100	0	0
78	5	17
98	2	0
90	2	8
0	8	92
97	0	3
31	19	50
30	33	37
3	40	57
24	32	44
2	51	47
29	30	41
1	31	68
0	46	54
8	40	52
0	15	85
21	30	49
0	3	97
5	34	61
93	5	2
1	32	67
15	39	46
1	10	89
4	27	69
5	48	47
0	23	77
0	33	67
47	31	22
15	39	46
4	47	49
0	2	98
0	0	100
0	11	89
1	37	62
4	28	68
6	48	46
20	29	51
99	1	0
2	42	56
1	18	81
