76	24	0
88	12	0
91	9	0
38	62	0
99	1	0
100	0	0
68	32	0
8	92	0
0	88	12
0	31	69
3	87	10
15	85	0
36	64	0
90	10	0
19	81	0
66	34	0
100	0	0
23	77	0
61	39	0
8	92	0
100	0	0
94	6	0
10	90	0
53	47	0
89	11	0
16	84	0
59	41	0
7	90	3
3	55	42
100	0	0
100	0	0
83	17	0
98	2	0
96	4	0
0	18	82
100	0	0
40	60	0
31	69	0
3	94	3
27	73	0
3	97	0
31	69	0
1	57	42
0	97	3
8	92	0
0	54	46
21	79	0
0	3	97
5	75	20
93	7	0
2	94	4
15	85	0
1	12	87
6	78	16
5	95	0
0	73	27
0	75	25
51	49	0
16	84	0
4	94	2
0	30	70
0	2	98
0	65	35
1	99	0
4	92	4
8	92	0
26	52	22
99	1	0
2	93	5
1	27	72
