75	20	5
87	11	2
90	9	1
37	53	10
99	1	0
100	0	0
68	26	6
8	86	6
0	73	27
0	6	94
3	67	30
15	67	18
35	45	20
90	10	0
19	70	11
66	26	8
99	0	1
22	74	4
61	39	0
6	87	7
100	0	0
94	6	0
8	78	14
53	44	3
88	11	1
16	75	9
56	41	3
7	76	17
3	50	47
100	0	0
100	0	0
80	14	6
98	2	0
95	4	1
0	15	85
100	0	0
39	42	19
31	62	7
3	68	29
26	69	5
3	86	11
30	65	5
1	48	51
0	85	15
8	82	10
0	34	66
21	56	23
0	3	97
5	54	41
93	7	0
2	54	44
15	77	8
1	12	87
6	55	39
5	82	13
0	61	39
0	62	38
49	47	4
16	67	17
4	84	12
0	6	94
0	0	100
0	37	63
1	68	31
4	50	46
6	84	10
26	52	22
99	1	0
2	75	23
1	23	76
