39	5	56
59	3	38
84	0	16
13	6	81
94	0	6
100	0	0
38	5	57
6	11	83
0	6	94
0	0	100
3	8	89
4	8	88
22	6	72
97	1	2
16	11	73
43	3	54
89	0	11
6	8	86
91	3	6
8	9	83
100	0	0
64	2	34
3	10	87
49	5	46
75	5	20
4	9	87
29	6	65
2	11	87
1	6	93
99	0	1
100	0	0
47	2	51
100	0	0
72	2	26
1	2	97
90	0	10
12	5	83
12	8	80
1	8	91
13	8	79
3	10	87
11	7	82
1	8	91
2	10	88
3	10	87
0	1	99
7	5	88
0	0	100
1	8	91
85	2	13
1	7	92
4	9	87
0	3	97
3	5	92
3	12	85
0	8	92
1	7	92
40	7	53
5	8	87
1	10	89
0	0	100
0	0	100
0	3	97
4	5	91
1	3	96
2	12	86
31	9	60
99	1	0
2	9	89
1	3	96
